345,347,349,375,2803
429,431,3127,3129,3215
411,3075,3077,3079,3081
369,371,2857,2997,2999
385,387,2927,3433,3435
449,451,3195,3297
473,3367,3369,3371,3373
393,395,2961,3001,3003
357,359,2831,2917
447,3187,3189,3191,3193
455,457,3259,3327
415,3093,3095,3097,3099
409,3067,3069,3071,3073
401,2989,2991,2993,2995
329,331,333,485,487,2755,3423,3425,3437
463,3289,3291,3293,3295
471,3359,3361,3363,3365
481,3399,3401,3403,3405
403,405,3025,3027,3083
377,379,2887,2889,2941
453,3251,3253,3255,3257
479,3391,3393,3395,3397
413,3085,3087,3089,3091
407,3029,3031,3033,3035
389,391,2943,2945,3439
465,467,3309,3311,3313
475,477,3381,3383,3419
351,353,2817,2823,2825
339,341,2787,2819,2821
417,419,421,433,437
435,3145,3147,3149,3151

